0,481
0,273
0,270
48,35
10,288
10,98
10,240
10,230
10,92
10,160
10,258
10,80
11,11
11,25
11,29
11,4
11,5
11,15
11,19
9,6
9,4
8,14
8,6
8,13
8,18
46,19
46,18
46,17
46,16
46,15
46,14
46,13
46,12
46,11
46,10
46,9
46,8
46,7
46,6
46,5
46,4
46,3
46,1
44,5
44,4
44,3
44,1
43,4
43,3
43,1
42,4
42,1
41,6
41,5
41,4
41,3
41,2
41,1
40,3
40,1
20,3
20,2
20,1
19,3
19,2
19,1
12,3
12,2
12,1
11,30
18,1
11,26
18,3
11,22
11,21
11,14
14,1
11,13
14,3
11,6
11,3
13,1
11,2
13,3
11,1
10,271
10,225
10,205
10,201
10,177
10,175
10,171
10,9
10,3
10,2
10,1
9,7
9,5
9,3
9,2
